515 1010 990 1 1
157409 1300 1290 2 2
10645 2380 3870 3 3
11850 2240 2590 4 4
125235 3390 4370 5 6
21890 3770 3301 6 8
25560 5820 5099 7 11
38210 5934 10100 8 16
49510 12950 14407 9 23
36395 41110 32840 10 32
78500 28981 64190 11 45
103760 85590 52680 12 64
60530 81725 426211 13 91
249760 248866 379134 14 128
328631 444779 871267 15 181
517450 859642 1.62747e+06 16 256
629865 1.73936e+06 2.79206e+06 17 362
750323 3.36027e+06 4.12675e+06 18 512
633030 5.51319e+06 9.16109e+06 19 724
1.30348e+06 1.01914e+07 1.72479e+07 20 1024
1.82876e+06 1.89171e+07 2.77688e+07 21 1448
2.57526e+06 2.89104e+07 4.50644e+07 22 2048
3.6951e+06 5.12854e+07 8.53463e+07 23 2896
4.86843e+06 9.26128e+07 1.86628e+08 24 4096
7.23642e+06 1.75859e+08 3.36934e+08 25 5793
4.76644e+06 3.41286e+08 7.11565e+08 26 8192
605 720 1000 1 1
12730 2080 1614 2 2
12180 3300 1819 3 3
17460 1409 1680 4 4
13569 1510 1659 5 6
20880 2460 2770 6 8
17868 2030 2654 7 11
27788 2350 5710 8 16
52420 1930 8180 9 23
37009 2410 13040 10 32
108670 3090 22790 11 45
106706 3500 30285 12 64
183860 3332 77540 13 91
218780 5530 342580 14 128
101780 2021 238261 15 181
542980 6661 639565 16 256
405701 11320 868334 17 362
888887 27920 1.75657e+06 18 512
740947 22630 3.31271e+06 19 724
812840 31290 5.22685e+06 20 1024
1.5255e+06 41660 1.05406e+07 21 1448
2.48638e+06 66816 1.86754e+07 22 2048
1.6068e+06 84610 3.01193e+07 23 2896
4.3366e+06 122667 5.14554e+07 24 4096
5.76134e+06 163950 9.91362e+07 25 5793
8.04469e+06 64980 1.59232e+08 26 8192
800 1060 1010 1 1
13710 1513 2320 2 2
14870 2390 1885 3 3
17220 3300 2780 4 4
17610 3301 3560 5 6
15238 6660 3652 6 8
45640 7310 7850 7 11
41440 7115 12900 8 16
47010 21480 21350 9 23
32880 25565 47690 10 32
67180 80908 84840 11 45
88620 128710 371329 12 64
145944 113736 164249 13 91
79812 254320 679613 14 128
461002 1.2085e+06 1.16808e+06 15 181
367880 1.89351e+06 2.20234e+06 16 256
287345 3.54852e+06 3.21468e+06 17 362
528981 5.14306e+06 6.59037e+06 18 512
726737 1.10327e+07 1.23139e+07 19 724
1.35405e+06 1.89473e+07 2.31682e+07 20 1024
1.36756e+06 3.16328e+07 3.37831e+07 21 1448
2.42584e+06 5.04607e+07 6.92515e+07 22 2048
3.39491e+06 9.77571e+07 1.17393e+08 23 2896
4.50512e+06 1.62686e+08 1.90406e+08 24 4096
6.07704e+06 3.33139e+08 3.84898e+08 25 5793
7.56442e+06 6.4879e+08 8.03016e+08 26 8192
