4e-06 1e-06 1e-06 1 1
2e-06 1e-06 2e-06 2 2
2e-06 0 0 3 3
1e-06 0 1e-06 4 4
3e-06 2e-06 1e-06 5 6
2e-06 1e-06 3e-06 6 8
3e-06 1e-06 3e-06 7 11
5e-06 1e-06 3e-06 8 16
6e-06 2e-06 6e-06 9 23
1.3e-05 5e-06 8e-06 10 32
1.3e-05 9e-06 1.6e-05 11 45
2.3e-05 1.8e-05 3.3e-05 12 64
2.9e-05 2.7e-05 5.5e-05 13 91
4.4e-05 6.7e-05 0.000117 14 128
6e-05 0.000145 0.000236 15 181
0.000208 0.000285 0.000379 16 256
0.000109 0.000469 0.000791 17 362
0.000156 0.000731 0.001161 18 512
0.000181 0.001259 0.002339 19 724
0.000277 0.002363 0.004327 20 1024
0.000327 0.004475 0.008884 21 1448
0.000475 0.009017 0.019024 22 2048
0.000708 0.024576 0.041476 23 2896
0.001018 0.037686 0.079338 24 4096
0.001438 0.074845 0.158942 25 5793
0.002136 0.15388 0.321442 26 8192
0 1e-06 0 1 1
1e-06 1e-06 1e-06 2 2
0 1e-06 0 3 3
1e-06 0 2e-06 4 4
1e-06 0 0 5 6
2e-06 1e-06 0 6 8
1e-06 0 1e-06 7 11
3e-06 2e-06 1e-06 8 16
3e-06 2e-06 2e-06 9 23
5e-06 1e-06 1e-06 10 32
5e-06 1e-06 4e-06 11 45
1.1e-05 0 6e-06 12 64
1.5e-05 0 1e-05 13 91
2.2e-05 2e-06 2.1e-05 14 128
2.9e-05 1e-06 3.8e-05 15 181
4.5e-05 2e-06 7.4e-05 16 256
6e-05 2e-06 0.000145 17 362
8.3e-05 3e-06 0.000284 18 512
0.000119 3e-06 0.000562 19 724
0.000193 5e-06 0.001115 20 1024
0.000248 7e-06 0.00222 21 1448
0.000364 9e-06 0.004456 22 2048
0.000553 1.2e-05 0.008892 23 2896
0.000784 1.6e-05 0.01769 24 4096
0.00109 2.3e-05 0.035487 25 5793
0.001609 3.1e-05 0.071541 26 8192
1e-06 2e-06 1e-06 1 1
0 0 1e-06 2 2
1e-06 0 0 3 3
1e-06 0 0 4 4
2e-06 2e-06 1e-06 5 6
1e-06 0 1e-06 6 8
5e-06 2e-06 1e-06 7 11
2e-06 2e-06 3e-06 8 16
3e-06 2e-06 4e-06 9 23
6e-06 5e-06 5e-06 10 32
7e-06 9e-06 1.1e-05 11 45
9e-06 1.7e-05 2.2e-05 12 64
1.4e-05 3.4e-05 4.2e-05 13 91
2e-05 7.8e-05 8.8e-05 14 128
3.8e-05 0.000165 0.000182 15 181
4.4e-05 0.000324 0.000366 16 256
5.8e-05 0.000615 0.000727 17 362
8.3e-05 0.002434 0.003067 18 512
0.000247 0.00412 0.003859 19 724
0.000176 0.004594 0.005548 20 1024
0.000251 0.009153 0.010924 21 1448
0.000379 0.018534 0.022608 22 2048
0.001129 0.040605 0.045358 23 2896
0.000747 0.071939 0.086206 24 4096
0.00108 0.144877 0.17617 25 5793
0.001664 0.292046 0.363274 26 8192
